194010,4,0,20121101001447,116.2149963,39.7304192,0,0,1
570340,4,2,20121101001445,116.4798965,40.0935059,0,34,1
020794,4,2,20121101001445,116.7193146,40.1294556,0,0,1
194292,4,0,20121101001447,116.3387375,39.7470741,67,356,1
194474,4,0,20121101001447,116.5837326,40.0775833,12,26,1
194234,4,1,20121101001423,116.4854279,40.0065651,82,322,1
191482,4,2,20121101001218,116.3735504,39.9492035,0,40,1
214436,4,0,20121101001447,116.3338776,39.9931374,0,0,1
129335,4,2,20121101001444,116.3013535,39.8585548,0,42,1
153610,4,1,20121101001447,116.3632278,40.0010223,84,328,1
083460,1,1,20121101001447,116.4710922,39.8782082,17,178,1
194036,4,0,20121101001447,117.0615997,40.1821747,0,0,1
157249,4,0,20121101001447,116.5269089,40.0201035,89,244,1
155940,4,0,20121101001442,116.3032990,39.9412651,62,116,1
489307,4,2,20121101001448,116.2029037,39.9920616,0,14,1
083440,4,0,20121101001444,116.2952652,39.8567429,41,82,1
470461,4,1,20121101001447,116.5831604,40.0763664,60,232,1
300754,4,0,20121101001447,116.4628220,39.9687271,36,328,1
204873,4,0,20121101001445,116.4014359,39.8124619,0,148,1
102284,4,0,20121101001444,116.3944473,39.8580132,0,86,1
021748,4,0,20121101081218,116.2558365,39.8623657,0,238,1
129523,4,0,20121101001445,116.6392975,39.8872108,0,64,1
208403,4,2,20121101001445,116.1742172,40.0408783,0,154,1
154920,4,2,20121101001445,116.7837982,39.6626396,0,12,1
194766,4,0,20121101001447,116.4275742,39.8626137,0,0,1
208453,4,2,20121101001444,116.3266296,39.7842369,0,208,1
194647,4,0,20121101001447,116.2446899,39.8488274,0,0,1
199794,4,0,20121101001445,116.8855133,39.7622986,0,96,1
068843,4,0,20121101001447,116.3440475,39.8966560,69,246,1
155954,4,1,20121101001447,116.3727722,39.9734001,28,358,1
204850,4,0,20121101001443,116.6945038,39.6141319,0,174,1
174872,4,1,20121101001447,116.3516998,39.8640060,12,72,1
194288,4,0,20121101001447,116.3674545,39.9181480,38,356,1
174891,4,0,20121101001447,116.1067581,39.9294510,0,164,1
194144,4,1,20121101001447,116.5609436,40.0325203,84,236,1
480699,4,0,20121101001447,116.3425140,39.9751434,25,268,1
164929,4,2,20121101001445,116.1071701,39.9594727,0,326,1
492321,4,0,20121101001447,116.4069443,39.9678841,34,268,1
486221,4,3,20121101001445,116.5942841,39.8507652,0,182,1
153641,4,1,20121101001447,116.2815323,40.0110550,67,352,1
194189,4,0,20121101001447,116.3793182,39.8810272,0,0,1
489403,4,0,20121101001448,116.6537704,40.2096710,0,358,1
214160,4,1,20121101001447,116.3013535,39.9661751,63,356,1
487269,4,2,20121101001448,116.4244690,39.7194328,0,126,1
453393,4,0,20121101001447,116.3705215,39.9462814,0,0,1
187023,4,1,20121101001447,116.4111862,39.9257202,41,356,1
214826,4,0,20121101001447,116.5060349,40.0101051,0,0,1
066824,4,1,20121101001443,116.4287491,39.9323883,8,282,1
154792,4,2,20121101001444,116.5011368,39.9223633,0,148,1
403554,4,0,20121101001444,116.2588501,40.0515251,0,290,1
183443,4,1,20121101001447,116.4940796,39.8704491,54,358,1
194739,4,0,20121101001447,116.1885757,39.8325081,0,0,1
489662,4,0,20121101001447,116.3167725,40.0296173,0,0,1
020564,4,0,20121101001447,116.3461838,39.9383736,26,350,1
154857,4,2,20121101001444,116.0105515,39.7763748,0,76,1
186194,4,0,20121101001441,116.4026871,39.8627815,0,110,1
187022,4,0,20121101001447,116.3262482,39.8758812,23,274,1
125478,4,0,20121101001444,116.1567841,39.7561722,0,310,1
431252,4,0,20121101001442,116.2776337,39.8365173,0,170,1
194760,4,1,20121101001447,116.2468185,39.9027367,43,174,1
063408,4,1,20121101001447,116.4706039,39.9765816,88,220,1
101964,4,1,20121101001447,116.4337921,39.8691521,54,90,1
102184,4,2,20121101001444,116.3754349,39.9483147,0,354,1
063403,4,0,20121101001447,116.0916214,39.9602966,71,330,1
495134,4,1,20121101001447,116.3470154,39.9934349,54,356,1
232429,4,2,20121101001444,116.0737000,39.9361534,0,74,1
214611,4,1,20121101001448,116.3414688,39.8490410,60,264,1
083484,4,1,20121101001447,116.3682480,39.9944305,69,328,1
566247,4,0,20121101001444,115.6037521,39.9413452,0,336,1
155474,4,1,20121101001447,116.4554901,39.9417801,78,178,1
068394,4,1,20121101001447,116.4293747,39.9232559,30,270,1
194032,4,1,20121101001447,116.4375534,39.9190483,10,180,1
492233,4,1,20121101001448,116.4578629,39.8823776,0,196,1
180413,4,0,20121101001447,116.2368469,40.0475311,75,356,1
156494,4,1,20121101001444,116.4344482,40.0194702,63,290,1
162465,4,1,20121101001447,116.4117203,39.9093971,15,176,1
194995,4,2,20121101001443,116.4766159,39.9556885,0,134,1
156467,4,0,20121101001447,116.3224411,39.9896393,0,0,1
096574,4,2,20121101001443,116.3262634,39.9009590,0,70,1
083437,4,2,20121101001445,116.8833694,40.4675179,0,28,1
208499,4,0,20121101081219,116.4691696,39.8730927,0,290,1
063495,4,0,20121101001447,116.4186630,39.5817528,54,156,1
426224,4,2,20121101001443,116.3180847,40.0297966,0,60,1
194919,4,1,20121101001447,116.3758774,39.9667702,71,88,1
101854,4,0,20121101001447,116.0777435,39.6208153,34,4,1
194781,4,0,20121101081219,116.2996521,39.9807854,34,172,1
191420,4,0,20121101001447,116.4119949,39.9070930,39,356,1
492179,4,2,20121101001445,116.0542984,39.9685478,0,170,1
431244,4,0,20121101081219,116.4138870,39.8560944,0,240,1
470369,4,1,20121101001447,116.4049988,39.9066315,17,88,1
194842,4,1,20121101001447,116.4388885,39.8642807,0,0,1
199452,4,1,20121101001447,116.3051376,39.9805717,52,358,1
174710,4,1,20121101001447,116.4410248,40.0174942,80,290,1
153651,4,1,20121101001447,116.4090347,40.0392570,0,0,1
486546,4,0,20121101001447,116.2668381,39.8659668,0,0,1
488194,4,2,20121101001443,116.3391647,39.7945747,0,328,1
164578,4,1,20121101001444,116.4291306,39.9434547,26,88,1
480767,4,2,20121101001444,116.2222519,39.8547897,0,112,1
214595,4,1,20121101001447,116.4525681,39.9769745,75,130,1
254262,4,0,20121101001444,116.0809021,39.9357300,0,148,1
001141,4,0,20121101081219,116.4339523,39.8831482,10,256,1
164395,4,0,20121101001447,116.4342880,39.6185760,0,62,1
431041,4,0,20121101001447,116.3094330,39.9391403,43,294,1
194360,4,0,20121101001447,116.3401337,40.0342407,0,0,1
174853,4,1,20121101001447,116.4548645,39.9519463,60,328,1
111477,4,2,20121101001445,116.3631363,40.0390549,0,176,1
214455,4,0,20121101001442,116.1060028,39.9552803,0,234,1
214755,4,0,20121101001444,116.3183517,40.0241394,26,228,1
480794,4,2,20121101001444,116.3680801,40.0801888,13,70,1
162404,4,1,20121101001447,116.4476318,39.8314323,71,260,1
154742,4,0,20121101001443,116.4633484,39.8847504,0,268,1
157747,4,0,20121101001444,116.4200134,39.7183571,0,290,1
272935,4,0,20121101001444,116.3199692,39.9758301,0,302,1
254498,4,1,20121101001445,116.1385498,39.9265137,0,324,1
164515,4,0,20121101001446,116.4099350,39.8452873,0,290,1
156524,4,2,20121101001443,116.4599838,40.0491447,0,164,1
489658,4,0,20121101001447,116.2979736,40.1525078,0,0,1
486391,4,2,20121101001448,116.1006851,39.9656372,0,316,1
194620,4,1,20121101001447,116.3519135,39.8979568,67,260,1
488197,4,0,20121101001448,116.3150864,39.6070557,0,84,1
495248,4,1,20121101001447,116.4017715,39.9609985,28,356,1
431262,4,0,20121101001444,116.7384338,40.3420982,0,222,1
426180,4,0,20121101001445,116.3335190,40.0228004,0,194,1
164327,4,0,20121101001447,116.3885956,39.8027115,0,0,1
403051,4,2,20121101001445,116.6311035,39.9251404,0,92,1
426099,4,2,20121101001442,116.5842361,39.7380905,0,180,1
214853,4,2,20121101001446,116.3330688,39.9170761,0,68,1
566416,4,2,20121101001446,116.5864029,40.3252907,0,248,1
194118,4,0,20121101001447,116.3081894,39.7880096,21,230,1
486574,4,0,20121101001448,116.0383530,39.7893677,0,6,1
214502,4,0,20121101001443,116.4105682,39.9424896,0,4,1
488211,4,2,20121101001445,116.0278168,39.7803154,0,92,1
487204,4,0,20121101001448,116.4343338,39.8828163,0,92,1
214866,4,0,20121101001447,116.4833984,39.9777031,0,0,1
492081,4,2,20121101001448,115.9547348,39.7558670,0,76,1
194972,4,1,20121101001445,116.5665359,40.0355110,63,250,1
431535,4,0,20121101001444,116.3180008,40.1416702,0,28,1
157244,4,0,20121101001444,116.0959167,39.9060516,0,258,1
155497,4,0,20121101001445,116.3484497,40.1409874,0,98,1
431063,4,0,20121101001446,116.0566330,39.6532364,0,346,1
576704,4,0,20121101001445,116.3321838,39.8839684,0,340,1
489395,4,2,20121101001448,116.0570831,39.9299622,0,218,1
194261,4,0,20121101001446,116.1480789,39.7485466,2,94,1
194431,4,0,20121101001447,116.3020859,39.8827629,0,126,1
154735,4,2,20121101001445,116.7692642,40.2458916,0,290,1
096864,4,0,20121101001445,116.1129990,40.1262550,0,314,1
164831,4,0,20121101001447,116.5338211,39.9740677,0,0,1
164821,4,0,20121101081219,116.5114670,39.9097939,19,236,1
164909,4,1,20121101001444,116.2470856,39.9065361,39,0,1
156724,4,2,20121101001445,116.5476990,39.7535019,0,170,1
214410,4,0,20121101001445,116.2711868,39.9601402,0,266,1
194790,4,0,20121101001447,116.2902985,39.9274635,39,192,1
211084,4,0,20121101001445,116.1065369,39.9112930,0,156,1
191545,4,0,20121101001447,116.1080551,39.6401138,82,184,1
174887,4,0,20121101001447,116.2774429,39.9063988,26,358,1
214618,4,2,20121101001445,116.1485138,39.7557297,0,12,1
426226,4,0,20121101001445,116.2194366,39.8090134,0,2,1
164443,4,0,20121101001447,116.4308167,39.8987694,54,130,1
183468,1,1,20121101001447,116.3807220,39.9880562,4,178,1
214001,4,0,20121101001445,116.0609970,39.8083382,0,222,1
486234,4,2,20121101001445,116.5607147,39.9059410,0,356,1
130348,4,0,20121101001442,116.3409653,39.8564911,0,196,1
431047,4,1,20121101001437,116.4114838,39.9742432,30,356,1
164588,4,0,20121101001444,115.9050522,39.6139717,0,8,1
492151,4,0,20121101001445,116.3682022,39.8982353,0,344,1
495132,4,2,20121101001444,116.3774490,39.8392754,0,296,1
495053,4,1,20121101001447,116.5867615,40.0800171,30,310,1
572342,4,2,20121101001444,116.4281158,39.7802849,0,214,1
492078,4,1,20121101001447,116.4567566,39.8699188,43,90,1
174816,4,1,20121101001416,116.4400482,39.9022827,76,88,1
254270,4,2,20121101001445,116.3416824,39.9130096,0,0,1
486379,4,2,20121101001448,116.4841995,39.9132118,0,356,1
431048,4,0,20121101001442,116.3324814,39.8867188,0,100,1
251499,4,0,20121101001445,116.3486023,39.9631462,67,356,1
489436,4,0,20121101001448,116.4284363,39.9264641,45,0,1
066646,4,2,20121101001444,116.3513870,40.0340309,0,296,1
426415,4,1,20121101001447,116.2587891,39.8630486,0,182,1
426414,4,0,20121101001445,116.5202332,39.9161835,0,274,1
300864,4,0,20121101001447,116.3039169,40.0400658,0,0,1
125476,4,2,20121101001442,116.4953537,39.9301758,0,238,1
194377,4,1,20121101001447,116.4839554,39.8914070,19,334,1
214619,4,0,20121101001444,116.1769867,39.9297218,0,324,1
164778,4,1,20121101001447,116.3629227,39.8281517,45,196,1
194141,4,0,20121101001447,116.1193542,39.7002373,0,104,1
453339,4,0,20121101001444,116.2983170,39.9938316,47,174,1
021484,4,0,20121101001447,116.1177673,39.7469215,0,0,1
160051,4,2,20121101001219,116.1745300,39.7755165,0,98,1
162491,0,0,20121101001448,116.4187088,39.8970833,15,178,1
214545,4,2,20121101001445,116.4352493,39.8541603,0,278,1
214149,4,1,20121101001447,116.4272385,39.9475975,62,314,1
492233,0,0,20121101001449,116.4578629,39.8823776,0,196,1
164491,4,2,20121101001445,116.4477997,39.9108887,0,102,1
127433,4,2,20121101001445,116.1872330,39.9161301,0,196,1
154849,4,2,20121101001444,116.1908340,39.9122429,0,216,1
403062,4,0,20121101001443,116.6545181,40.3119545,0,338,1
183476,4,0,20121101001448,116.0751648,39.9326782,0,0,1
426373,4,0,20121101001444,117.0010681,40.1863136,0,334,1
035468,0,0,20121101001448,116.3559952,40.0074310,8,78,1
026473,4,2,20121101001445,116.3470535,39.8792076,0,192,1
495391,4,1,20121101001445,116.4664688,39.9979095,47,310,1
199804,4,0,20121101001449,116.7999649,39.7434731,0,58,1
254260,4,2,20121101001445,116.5038528,40.0107079,0,4,1
495381,4,0,20121101001447,116.3896790,39.9673958,28,266,1
154947,4,2,20121101001445,116.5657196,39.8972435,0,84,1
174661,4,2,20121101001444,116.4406967,39.9610214,0,126,1
251475,4,0,20121101001444,116.8544998,39.8082275,0,118,1
184846,4,2,20121101001446,116.5045853,40.0109024,0,174,1
129502,4,0,20121101001444,115.8943024,39.6088638,0,2,1
489469,4,0,20121101001446,116.3683167,39.8821602,34,358,1
024004,4,0,20121101001448,116.4114456,39.9722137,62,176,1
187020,4,0,20121101001447,116.3530045,39.8482895,0,0,1
083402,4,0,20121101001448,116.3035126,39.9315987,21,166,1
063428,4,0,20121101081219,116.4686432,39.9278336,0,118,1
083476,4,0,20121101001448,116.3039093,39.8890114,0,0,1
191474,4,1,20121101001449,116.4594803,39.8920250,0,254,1
426169,4,2,20121101001442,116.2487640,39.9188042,0,134,1
191438,4,0,20121101001448,116.3661270,39.8881836,36,270,1
093438,4,0,20121101001448,116.5041351,39.8620949,0,0,1
180475,4,0,20121101001445,116.0805740,39.7713127,0,0,1
194178,4,0,20121101001448,116.3711929,40.0328293,0,0,1
194117,4,0,20121101001448,116.6257553,40.3304214,0,0,1
486401,4,0,20121101001448,116.4375229,39.9358559,0,0,1
194415,4,0,20121101001448,116.4065552,40.1023560,45,358,1
194128,4,1,20121101001448,116.4554825,39.9277878,60,180,1
063471,4,0,20121101001448,116.4853363,39.9897995,110,40,1
174756,4,0,20121101001448,116.3604431,39.9128952,0,128,1
194718,4,0,20121101001448,116.2954483,39.8654099,62,264,1
100854,4,0,20121101001448,116.3587646,39.9517937,0,352,1
194805,4,0,20121101001448,116.3563995,39.9750252,0,0,1
101624,4,0,20121101001444,116.4252701,39.9676514,21,194,1
214201,4,1,20121101001448,116.4435577,39.9322739,2,150,1
214705,4,2,20121101001445,116.4440842,39.8665428,0,302,1
174886,4,1,20121101001448,116.2854004,40.0224571,51,80,1
431516,4,0,20121101001445,116.3791809,39.9963455,0,146,1
581054,4,0,20121101001445,115.9269638,39.7149582,0,64,1
489618,4,0,20121101001448,116.3388977,40.0791550,32,266,1
214172,4,0,20121101001448,116.6846466,39.8702087,0,0,1
453450,4,0,20121101001448,116.3060532,40.0263863,0,0,1
083448,4,1,20121101001448,116.3796921,39.9476204,60,268,1
489661,4,0,20121101001448,116.3768463,39.8559189,45,270,1
194350,4,0,20121101001447,116.3466721,39.9740524,0,0,1
164824,4,0,20121101001448,116.3376617,39.9342804,43,170,1
063494,4,0,20121101001448,116.1695709,39.8516350,0,154,1
100304,4,0,20121101001448,116.0760727,39.7770729,0,0,1
093420,4,1,20121101001448,116.3283463,40.0215492,75,252,1
487247,4,2,20121101001445,116.4125977,39.8613396,2,38,1
214495,4,1,20121101001447,116.3734207,39.9855499,32,198,1
194126,4,1,20121101001448,116.3724670,39.8879700,58,270,1
194123,4,1,20121101001448,116.3355942,40.0375671,26,330,1
063409,4,1,20121101001448,116.4117279,40.0235329,47,2,1
022524,4,1,20121101001448,116.3941116,39.8525429,0,0,1
156024,4,0,20121101001445,116.1568832,39.9208908,0,222,1
232436,4,0,20121101001445,116.5372696,40.0378113,0,12,1
214171,4,0,20121101001444,116.0511703,39.9293289,0,252,1
487123,4,2,20121101001444,116.4687347,39.7060509,0,208,1
194248,4,0,20121101001448,116.0585327,39.6615067,0,0,1
277587,4,0,20121101001445,116.4623337,39.9717865,56,274,1
068824,4,0,20121101001448,116.5145264,40.2413368,0,162,1
154870,4,1,20121101001444,116.3677673,39.9666023,73,268,1
194094,4,0,20121101001448,116.4291992,40.0635109,0,120,1
486562,4,0,20121101001444,116.4616699,39.9695969,0,214,1
480793,4,0,20121101001424,116.3480911,39.9757042,36,354,1
127496,4,2,20121101001446,117.0680695,39.9851723,0,276,1
453425,4,0,20121101001424,116.2680588,39.8680077,0,102,1
174615,4,1,20121101001444,116.4552002,39.9132385,58,176,1
489512,4,2,20121101001449,116.4994812,39.9966125,0,168,1
272205,4,1,20121101001443,116.4112015,40.0267067,38,178,1
194197,4,1,20121101001448,116.4289474,39.9075050,32,354,1
174977,4,1,20121101001448,116.2815552,39.8771019,75,254,1
069142,4,1,20121101001448,116.2940063,39.9063110,32,268,1
157642,4,0,20121101001444,116.6820297,39.8880615,0,246,1
480710,4,2,20121101001442,116.4086838,39.8475609,0,302,1
063457,4,0,20121101001448,116.5151749,39.9194603,0,98,1
194055,4,0,20121101001448,116.2682800,39.9653893,0,0,1
489693,4,2,20121101001445,116.2460022,39.8576508,0,254,1
093439,4,0,20121101001448,116.4025879,39.9344978,34,356,1
174855,4,2,20121101001445,116.2195816,39.8989372,0,66,1
426385,4,0,20121101001448,116.3844147,39.8988838,0,16,1
194359,4,1,20121101001448,116.2819672,39.9582367,23,134,1
426332,4,2,20121101001445,115.9755173,39.7087631,0,278,1
188274,4,1,20121101001448,116.4537964,39.9764900,60,310,1
403072,4,2,20121101001442,116.3970337,39.8589249,10,276,1
174861,4,0,20121101001448,116.3267136,39.9351044,0,0,1
489628,4,0,20121101001448,116.2920227,40.0516853,0,128,1
487137,4,0,20121101001449,116.4940796,39.8662872,0,350,1
490951,4,0,20121101001448,116.2106247,39.8089905,0,216,1
164377,4,0,20121101001448,116.2881088,39.8614502,28,2,1
153646,4,0,20121101001448,116.4200363,39.9192085,0,0,1
022874,4,0,20121101001448,116.2522507,40.1584320,0,130,1
489692,4,0,20121101001445,116.6757355,39.8746948,0,214,1
194434,4,1,20121101001448,116.4060440,39.9477997,67,266,1
453290,4,1,20121101001446,116.4276810,39.9314117,28,174,1
199684,4,0,20121101001448,116.4490738,39.9125061,2,104,1
154748,4,0,20121101001446,116.3045807,39.8846817,21,354,1
194232,4,1,20121101001448,116.4192123,39.9682388,17,266,1
164463,4,1,20121101001448,116.4555664,39.8831367,4,68,1
453454,4,0,20121101001448,116.3424530,39.9385529,0,0,1
235433,4,0,20121101001444,116.4064331,40.0713844,39,186,1
093428,4,0,20121101001448,116.1625748,39.7779198,101,230,1
077424,4,0,20121101001448,116.5250702,39.9948463,0,0,1
129354,4,1,20121101001442,116.2733688,39.9399147,12,272,1
021164,4,0,20121101001448,116.3729401,39.9503937,10,194,1
214861,4,0,20121101001448,116.3969803,39.8138924,17,266,1
208427,4,0,20121101001445,116.7372665,39.9683266,0,334,1
214477,4,2,20121101001445,116.4394531,39.8440361,0,28,1
126473,4,0,20121101001444,116.4241333,39.8689919,0,302,1
184108,4,0,20121101001445,115.9364319,39.5545959,0,192,1
194103,4,1,20121101001448,116.3041992,39.8930130,60,178,1
431002,4,0,20121101001448,116.3607254,39.9061966,0,122,1
154787,4,0,20121101001448,116.3394012,39.9752998,2,152,1
194279,4,0,20121101081219,116.1914825,39.9278374,49,358,1
204903,4,2,20121101001444,116.2880173,40.0763741,0,36,1
495069,4,0,20121101001445,116.2983475,40.0847473,60,150,1
164784,4,1,20121101001448,116.2393188,39.9115372,41,0,1
153639,4,1,20121101001448,116.4283981,39.9223595,67,356,1
480717,4,0,20121101001445,116.4836807,39.9833031,58,358,1
194179,4,0,20121101001448,116.3130264,40.0852737,49,342,1
194202,4,0,20121101001448,116.4271393,40.0550766,51,354,1
187197,4,1,20121101001448,116.3516769,39.9857521,86,268,1
194018,4,1,20121101001448,116.1854019,39.9278793,49,250,1
199460,4,1,20121101001448,116.4332581,39.9460373,49,40,1
194961,4,0,20121101001444,116.3725204,39.9738045,0,286,1
122486,4,2,20121101001444,116.2649536,39.8317032,0,70,1
156445,4,0,20121101001448,116.4795914,39.8917732,97,94,1
100324,4,0,20121101001448,116.2726440,39.8720551,0,198,1
492108,4,0,20121101001443,116.2759018,39.8755646,56,230,1
470433,4,1,20121101001449,116.3426819,39.8950577,58,4,1
194611,4,0,20121101001448,116.4091187,39.8958015,21,82,1
164338,4,0,20121101001448,116.0904007,39.8218155,0,108,1
164375,4,1,20121101001448,116.5850754,39.9183235,8,356,1
174819,4,0,20121101001448,116.4496307,39.9324532,0,0,1
194392,4,1,20121101001448,116.3852234,39.8885574,49,262,1
188740,4,0,20121101001446,116.4565659,40.0070343,15,78,1
164777,4,0,20121101001448,116.4455261,39.9553413,0,0,1
187139,4,0,20121101001448,116.6226044,39.9052277,49,266,1
123661,4,1,20121101001448,116.3473663,39.9653702,30,178,1
453388,4,0,20121101001448,116.2051086,39.9044304,60,358,1
576654,4,0,20121101001445,116.2423477,39.8482780,0,2,1
194174,4,1,20121101001448,116.3350906,39.8888435,23,82,1
453473,4,0,20121101001448,116.6967468,40.2192535,0,170,1
495342,4,1,20121101001448,116.3890381,39.9062386,73,266,1
174889,4,0,20121101001448,116.4466019,39.9572945,15,104,1
194262,4,0,20121101001448,116.3066711,40.0560532,15,302,1
403397,4,2,20121101001444,116.4296188,39.9649239,0,136,1
174766,4,1,20121101001448,116.3306503,40.0785484,60,262,1
156450,4,2,20121101001445,116.3405685,39.9341698,0,316,1
183434,4,1,20121101001448,116.4414597,39.9323502,41,262,1
254528,4,0,20121101001446,116.5623169,39.6874352,0,338,1
194850,4,1,20121101001448,116.3719788,39.9475632,10,268,1
077421,4,0,20121101001448,116.3905563,39.8850555,0,0,1
489683,4,0,20121101001448,116.4855652,39.7996750,17,326,1
214524,4,2,20121101001445,116.1293030,39.7067413,0,238,1
174769,4,0,20121101001448,116.4022064,40.0462532,0,0,1
194062,4,0,20121101001448,116.0673141,39.9341812,0,120,1
489443,4,2,20121101001449,116.1388702,39.7496452,13,286,1
194102,4,0,20121101001448,116.8358612,39.7926750,0,142,1
125420,4,2,20121101001444,116.6629486,40.2097511,0,84,1
492133,4,1,20121101001409,116.3176575,39.9658241,78,86,1
235404,4,1,20121101001448,116.3518753,39.9431419,65,252,1
194099,4,0,20121101001448,116.2365646,39.8550911,0,0,1
563540,4,2,20121101001445,116.2486801,39.8373718,0,288,1
174903,4,2,20121101001446,116.0845642,40.0126343,0,308,1
214162,4,2,20121101001444,116.0597153,39.7200966,0,200,1
194895,4,1,20121101001448,116.3425598,39.8870888,76,178,1
194783,4,0,20121101001448,116.0765991,39.5857391,49,178,1
488118,4,1,20121101001448,116.4482346,39.8612900,49,216,1
102340,4,0,20121101001448,116.3567810,40.0296898,0,92,1
194563,1,1,20121101001446,116.2853470,39.9181099,12,112,1
194827,4,0,20121101001448,116.3182144,39.7287064,0,0,1
431092,4,0,20121101001448,116.0225449,39.7060394,2,108,1
194754,4,1,20121101001448,116.3943100,39.9475975,73,88,1
164423,4,0,20121101001446,116.4485016,39.9576492,19,222,1
187024,4,0,20121101001448,116.3141403,39.8879318,0,130,1
063449,4,0,20121101001448,116.1952820,39.7992592,91,192,1
194039,4,0,20121101001448,116.1174774,39.7468758,0,0,1
194049,4,0,20121101001448,116.2348480,39.8456039,0,0,1
214238,4,0,20121101001449,116.5946198,40.0351906,25,90,1
164318,4,0,20121101001448,116.3157349,39.8513527,58,322,1
162449,4,0,20121101001448,116.1968689,39.8475723,0,0,1
194207,4,0,20121101001448,116.3261490,39.8887100,63,272,1
102834,4,1,20121101001448,116.4278412,39.9342690,67,358,1
128411,4,1,20121101001448,116.3816147,39.8680916,45,178,1
174867,4,0,20121101001312,115.9676666,40.4466171,0,0,1
431569,4,2,20121101001446,116.1056671,40.0048294,0,52,1
194649,4,0,20121101001448,116.5227280,40.0321007,58,28,1
174999,4,0,20121101001448,116.4605713,39.8702202,0,0,1
191541,4,0,20121101001448,116.3568954,39.7707443,0,352,1
194016,4,0,20121101001448,116.3354950,40.0367432,43,148,1
470418,4,0,20121101001448,116.3204727,39.8882675,0,0,1
194212,4,0,20121101001448,116.4415283,39.8296967,43,164,1
126410,4,2,20121101001443,116.3353653,39.8570099,0,152,1
164903,4,1,20121101001448,116.4498749,39.9324188,0,128,1
470340,4,1,20121101001445,116.4183502,39.8978653,21,312,1
093479,4,0,20121101001448,116.3221283,39.9559059,15,264,1
194271,4,0,20121101001448,116.4041367,40.0566978,0,160,1
214623,4,1,20121101001448,116.3488846,39.9389076,47,76,1
164769,4,1,20121101001448,116.4077454,39.9395447,0,0,1
077403,4,1,20121101001448,116.4553604,39.9179039,36,116,1
066643,4,1,20121101001448,116.4269485,39.8526268,32,168,1
495124,4,2,20121101001446,116.5560684,39.9758987,0,180,1
492114,4,1,20121101001448,116.3152466,39.8880310,28,246,1
063434,4,0,20121101001448,116.3436813,39.9442253,43,166,1
453209,0,0,20121101001448,116.2934952,40.0466347,0,0,1
194159,4,1,20121101001448,116.5313110,40.0217476,93,244,1
063408,4,1,20121101001447,116.4706039,39.9765816,88,220,1
489652,4,1,20121101001447,116.4653397,39.9717102,89,40,1
214158,4,0,20121101001445,115.9429321,39.6790771,0,316,1
164359,4,0,20121101001448,116.3728943,39.9310417,10,90,1
162458,4,1,20121101001448,116.4091263,39.9070702,0,130,1
194635,4,0,20121101001448,116.3959274,39.9676514,0,124,1
174818,4,0,20121101001448,115.9942703,39.6558456,0,0,1
022594,4,1,20121101001448,116.1255035,39.9370155,69,326,1
174634,4,0,20121101001448,116.5714035,39.9051666,0,0,1
194280,4,0,20121101001448,116.4643478,39.9152603,25,286,1
022534,4,0,20121101001448,116.4557800,39.9501877,43,350,1
194186,4,0,20121101001448,115.8257980,39.5655785,0,0,1
194301,4,1,20121101001448,116.4754410,39.8992386,28,88,1
021874,4,0,20121101001448,116.3186722,39.9826012,0,0,1
174625,4,1,20121101001448,116.4715729,39.9007492,58,180,1
489613,4,1,20121101001448,116.3922653,39.8702202,71,86,1
184987,4,0,20121101001445,116.1206818,39.7008057,0,26,1
194720,4,0,20121101001448,116.4719849,39.9150772,34,0,1
026474,4,0,20121101001445,116.3115311,39.8838272,0,116,1
211294,4,2,20121101001445,116.4526978,39.7973785,0,170,1
023834,4,0,20121101001448,116.1704407,39.9087486,0,134,1
164605,4,1,20121101001448,116.4153519,39.8667984,73,178,1
214295,4,0,20121101001448,116.5834122,40.0790291,0,96,1
214125,4,1,20121101001448,116.3936768,39.9219780,30,98,1
126465,4,0,20121101001445,116.6504822,40.1194534,0,268,1
077409,4,2,20121101001446,116.5302353,39.9245720,0,76,1
214280,4,2,20121101001445,116.4086685,39.8373985,0,110,1
470382,4,1,20121101001445,116.4546661,39.9726524,54,52,1
576243,4,2,20121101001445,116.1987991,39.9888573,0,46,1
164316,4,0,20121101001448,116.3883514,39.9659767,60,178,1
066894,4,0,20121101001448,116.5106659,39.8535728,0,0,1
162410,4,0,20121101001448,116.3427429,39.8882141,51,272,1
453231,1,1,20121101001444,116.2641144,39.9163132,0,76,1
214222,4,0,20121101001448,116.0888214,39.9529610,0,142,1
403199,4,0,20121101001220,116.0800018,39.6555939,0,106,1
426489,4,2,20121101001445,116.2259521,39.8972702,0,106,1
083477,4,1,20121101001446,116.4782639,39.9844666,38,220,1
164870,4,2,20121101001442,116.3351669,39.7267799,0,106,1
403123,4,0,20121101001446,116.0174484,39.8875771,0,14,1
093424,4,0,20121101001448,116.3569946,39.9922752,45,88,1
403229,4,2,20121101001443,116.5432663,39.7559509,0,336,1
174972,4,1,20121101001448,116.3679581,39.9862251,69,266,1
154807,4,0,20121101001448,116.6497192,40.2467308,0,0,1
194492,4,0,20121101001447,116.3709946,39.9614449,0,140,1
492098,4,2,20121101001446,116.3653641,40.0918655,0,0,1
300984,4,2,20121101001446,116.3922806,39.9291420,0,60,1
194557,4,2,20121101001220,116.4388351,40.0816040,0,134,1
300544,4,0,20121101001446,116.4037170,39.8936958,0,280,1
157436,4,1,20121101001446,116.1513824,39.7208900,0,354,1
487194,4,1,20121101001448,116.4182968,40.0313187,28,282,1
486275,4,2,20121101001446,116.4973145,39.9210701,0,210,1
157249,4,0,20121101001448,116.5266495,40.0200081,91,242,1
154858,4,0,20121101001445,116.3360672,39.7637444,52,172,1
155472,4,0,20121101001446,116.2253799,39.8546906,0,266,1
431380,4,0,20121101001445,116.4370346,39.8695145,47,54,1
403193,4,0,20121101001443,116.5811996,40.0706367,62,352,1
185174,4,0,20121101081220,116.3362198,40.0316658,0,250,1
194358,4,1,20121101001448,116.3291779,39.9062424,34,266,1
156448,4,0,20121101001445,116.3174667,39.9842491,63,84,1
204840,4,0,20121101001448,116.1792297,39.9262428,0,0,1
164330,4,0,20121101001448,116.1746521,39.7823563,95,254,1
174858,4,1,20121101001448,116.4103699,40.0076141,0,0,1
125427,4,2,20121101001445,116.1499634,39.9235725,0,352,1
154716,4,1,20121101001448,116.3503876,39.9035606,58,176,1
191417,4,1,20121101001448,116.3070450,40.0755386,17,42,1
495324,4,0,20121101001448,116.2676926,39.9012871,56,180,1
183488,4,1,20121101001448,116.4069290,40.0661926,21,356,1
077419,4,0,20121101001448,116.2307281,39.8340721,0,0,1
214187,4,2,20121101001445,116.6881638,39.9897728,0,0,1
565742,4,0,20121101001446,116.4371033,39.9480743,102,86,1
194906,4,0,20121101001446,116.3644333,39.9596634,0,174,1
486210,4,2,20121101001446,116.2563324,39.8898888,0,262,1
431311,4,0,20121101001446,116.3453140,39.9360886,0,336,1
492090,4,0,20121101001449,116.0673981,39.9316483,0,134,1
153612,4,1,20121101001448,116.4719696,39.9216042,23,342,1
194455,4,1,20121101001448,116.4714584,39.9899826,25,310,1
184983,4,1,20121101001448,116.4018860,40.0081673,26,298,1
194424,4,1,20121101001449,116.4043274,39.8912277,47,86,1
470385,4,2,20121101001443,116.0921326,39.9513168,0,8,1
431204,4,2,20121101001445,116.0570831,39.6865005,0,200,1
403325,4,2,20121101001449,116.2664490,39.8675957,0,286,1
101774,4,2,20121101001446,116.3637314,39.9774590,0,20,1
403536,4,0,20121101001446,116.2453003,39.8472900,0,240,1
199947,4,0,20121101001448,116.4217682,39.9922409,43,266,1
486263,4,2,20121101001445,116.5362167,39.7555275,0,172,1
155104,4,0,20121101001446,116.1971664,39.8089104,0,280,1
403648,4,1,20121101001447,116.4732361,39.9325371,38,276,1
403219,4,2,20121101001446,116.5470505,40.2674255,0,218,1
184079,4,2,20121101001446,116.8410187,40.3673592,0,196,1
492119,4,0,20121101001443,116.1278534,39.5765381,0,112,1
187098,4,2,20121101001445,116.4360504,39.8021507,0,270,1
184973,4,0,20121101001448,116.3942184,39.8523636,0,0,1
157146,4,0,20121101001445,115.9286804,40.4799881,0,248,1
194108,4,0,20121101001446,116.4615936,39.6594658,0,0,1
157486,4,2,20121101001443,116.4716339,39.9169159,0,130,1
207948,4,0,20121101001445,116.2731857,39.8876915,0,70,1
204996,4,1,20121101001446,116.4523010,39.9930916,0,54,1
214029,4,0,20121101001446,116.5060196,39.6809883,0,58,1
154829,4,0,20121101001445,116.3657990,39.9668617,0,216,1
214439,4,2,20121101001446,116.0959167,39.9361496,0,114,1
486572,4,2,20121101001449,115.9570465,39.6129379,0,300,1
214068,4,0,20121101001446,116.0802689,39.9701729,0,74,1
453476,4,1,20121101001448,116.4434357,39.8262863,62,142,1
164871,4,1,20121101001449,116.3836212,39.9865189,71,86,1
492261,4,2,20121101001443,116.1055679,39.7811089,0,28,1
174636,0,0,20121101001448,116.3546066,39.9167480,0,144,1
194012,4,0,20121101001448,116.3189087,39.9786453,39,356,1
183437,4,0,20121101001448,116.4263687,39.9684334,45,342,1
431083,4,1,20121101001448,116.5448685,39.9077148,43,84,1
488246,4,0,20121101001448,116.4325867,39.9416313,0,0,1
126434,4,2,20121101001446,116.1160965,39.7254982,0,112,1
164386,4,0,20121101001448,116.4602280,39.9708786,0,0,1
453415,4,1,20121101001449,116.4186707,39.9644089,47,174,1
204865,4,0,20121101001445,116.1468964,39.9335938,0,78,1
174917,4,2,20121101001446,116.3085327,39.8874931,0,284,1
184086,4,2,20121101001445,116.3023529,39.8368416,0,52,1
453336,4,0,20121101001448,116.4279251,39.9479942,62,72,1
183472,4,0,20121101001449,116.3069687,39.8241158,52,180,1
093466,4,0,20121101001447,116.5059662,40.0098267,49,42,1
127408,4,0,20121101001446,116.3788834,39.8894196,0,138,1
194431,4,0,20121101001448,116.3020859,39.8827667,2,210,1
194781,4,0,20121101001448,116.2996521,39.9807854,34,172,1
122454,4,2,20121101001446,116.2258301,39.8995171,0,212,1
093449,4,0,20121101001449,116.3379135,39.9306793,0,0,1
487217,4,0,20121101001220,116.3164978,39.8953438,0,254,1
164986,4,2,20121101001445,116.1209030,39.9443932,0,310,1
162499,4,1,20121101001436,116.3097763,40.0340233,45,164,1
156420,4,2,20121101001446,116.3714981,39.9736938,0,286,1
426254,4,2,20121101001444,116.0656815,39.7415886,0,286,1
487272,4,2,20121101001445,116.8326340,39.7266922,0,32,1
208419,4,2,20121101001446,116.7879181,39.7723274,0,66,1
495380,4,1,20121101001447,116.4836655,39.9263268,71,180,1
403485,4,0,20121101001445,116.5064697,40.0114670,0,126,1
492169,4,2,20121101001447,116.2084198,39.7891235,0,12,1
488102,4,0,20121101001449,116.5130539,39.7809181,0,0,1
154723,4,2,20121101001445,116.3447037,39.9172325,0,162,1
156447,4,0,20121101001220,116.1598129,40.1455727,0,90,1
214236,4,0,20121101001446,116.4789658,39.5659637,0,10,1
020714,4,0,20121101001446,116.2143021,39.8740616,0,0,1
426269,4,0,20121101001447,116.3937836,39.8411102,0,130,1
426135,4,0,20121101001446,116.4672165,39.8296013,0,156,1
214562,4,0,20121101001445,116.8319473,40.3809776,0,64,1
194161,4,0,20121101001449,116.3044128,39.9245872,0,0,1
426349,4,1,20121101001449,116.4659042,39.9323273,8,90,1
083411,4,1,20121101001448,116.3905945,39.8701782,58,86,1
431030,4,0,20121101001445,116.4436340,39.8799591,0,292,1
251477,4,2,20121101001446,116.0261154,39.9829636,0,264,1
127423,4,2,20121101001446,116.3232193,40.0252342,0,212,1
164845,4,0,20121101001449,116.3238983,39.9004250,0,130,1
199492,4,0,20121101001449,116.3117905,39.9737091,47,160,1
194303,4,0,20121101001449,116.3033600,39.9226646,13,176,1
104091,4,0,20121101001446,116.2447510,39.8387794,0,78,1
204836,4,0,20121101001449,116.4995728,39.9076462,0,0,1
489580,4,2,20121101001446,116.4062347,40.1928024,0,356,1
470485,4,0,20121101001449,116.3928452,39.9679565,0,0,1
431001,4,2,20121101001446,116.4946365,39.9704895,0,164,1
489315,4,0,20121101001449,116.2970581,39.9585381,34,172,1
204891,4,2,20121101001446,116.4884644,39.9580269,0,350,1
164504,4,0,20121101001446,116.1818008,39.6999245,0,318,1
022864,4,1,20121101001449,116.4805450,39.9323769,67,90,1
156410,4,0,20121101001447,116.4175797,39.9819412,0,90,1
162438,4,1,20121101001449,116.4849014,39.8713264,25,332,1
155894,4,0,20121101001443,116.0324860,39.6361923,0,332,1
403036,4,2,20121101001446,116.5062180,39.9551926,0,136,1
194215,4,1,20121101001449,116.3819351,39.9482689,36,268,1
579647,4,0,20121101001220,116.2871170,40.0816002,0,60,1
253449,4,2,20121101001447,116.1511002,40.5219536,0,78,1
490937,4,1,20121101001449,116.3500595,39.9476662,78,176,1
157242,4,0,20121101001447,116.6558838,40.1087189,0,82,1
254332,4,1,20121101001446,116.4989014,39.8937416,13,358,1
153624,4,0,20121101001449,116.1871567,39.5993881,0,118,1
488238,4,0,20121101001449,116.1914902,39.9263000,0,0,1
162478,4,0,20121101001449,116.2470703,39.9030533,47,0,1
021484,0,0,20121101001448,116.1177673,39.7469215,0,0,1
194443,4,1,20121101001449,116.4339905,39.9072037,54,270,1
582497,4,0,20121101001445,116.5241318,39.6492615,0,56,1
104138,4,0,20121101001447,116.4233322,39.5192909,0,40,1
487201,4,1,20121101001449,116.3040085,39.8964424,38,176,1
162491,4,0,20121101001448,116.4187088,39.8970833,15,178,1
194680,4,1,20121101001449,116.3039474,39.9126625,65,178,1
184067,4,2,20121101001445,116.5367661,40.0234985,84,64,1
486584,4,0,20121101001443,116.4347992,39.9073524,25,280,1
426116,4,0,20121101001449,116.2981033,39.8885155,0,0,1
156347,4,2,20121101001446,116.3245850,39.8518448,0,108,1
488136,4,2,20121101001446,116.0566177,39.7390633,0,186,1
194488,4,0,20121101001449,116.3342743,39.8877907,0,0,1
272881,4,0,20121101001445,116.4550018,39.9978447,0,0,1
194796,4,1,20121101001449,116.4531860,39.8975716,28,268,1
184801,4,0,20121101001446,116.5810471,40.0730400,13,352,1
495358,4,0,20121101001450,116.2908630,40.0546150,0,312,1
159446,4,2,20121101001450,116.2127838,39.8906021,0,70,1
154912,4,0,20121101001446,116.3798981,39.9860420,0,0,1
180421,4,1,20121101001449,116.2970810,39.9589996,28,354,1
093407,4,1,20121101001449,116.3188019,39.8922043,26,270,1
194719,4,0,20121101001449,116.2186203,39.9516335,21,2,1
164854,4,1,20121101001449,116.4273834,39.8475571,23,180,1
194323,4,0,20121101001449,116.2795029,40.0948982,15,158,1
214881,4,2,20121101001446,116.3468704,39.8918915,0,256,1
156498,4,0,20121101001445,116.5443802,40.0263062,86,246,1
194071,4,0,20121101001449,116.5049210,40.0101204,0,0,1
492324,4,0,20121101001449,116.3075943,39.8639145,49,36,1
164890,4,1,20121101001447,116.3239975,40.0306053,0,230,1
194844,4,0,20121101001449,115.9855804,40.4396019,0,96,1
194632,4,1,20121101001449,116.4551315,39.8793640,69,0,1
431448,4,2,20121101001445,116.1932831,39.8300667,0,16,1
204940,4,2,20121101001446,116.3235703,40.0544968,0,230,1
492325,4,0,20121101001450,116.3729477,39.8988304,0,38,1
174839,4,0,20121101001449,116.3714523,39.9670143,12,228,1
489510,4,2,20121101001450,116.2758484,39.8695107,2,226,1
164771,4,0,20121101001449,116.1980057,39.8093872,93,206,1
194348,4,1,20121101001449,116.3065186,39.9062386,67,264,1
194136,4,0,20121101001449,116.2807693,39.9481163,47,286,1
426357,4,1,20121101001449,116.2191162,40.1322289,0,0,1
194075,4,1,20121101001449,116.2829742,39.9457474,45,74,1
194372,4,0,20121101001449,116.4806213,39.8330116,65,140,1
199784,4,0,20121101001449,116.3746872,39.8381729,0,0,1
194228,4,0,20121101001449,116.6500626,40.2096672,0,0,1
403357,4,0,20121101001447,116.2036362,39.9908524,0,202,1
272213,4,0,20121101001446,116.3916321,39.9282265,0,228,1
069142,4,1,20121101001449,116.2938995,39.9063072,34,268,1
194483,4,0,20121101001449,116.4337616,39.9667053,0,102,1
126495,4,0,20121101001446,116.5446014,39.9096184,0,154,1
164358,4,1,20121101001449,116.3274002,40.0785599,38,350,1
164306,4,0,20121101001449,115.8912506,39.6037865,0,0,1
021374,4,0,20121101001449,116.3435745,39.9122543,0,20,1
194112,4,1,20121101001449,116.3038483,39.9496231,10,6,1
157433,4,0,20121101001446,116.0567703,39.7150383,0,140,1
431393,4,2,20121101001447,116.1129684,40.1079407,0,30,1
069714,4,2,20121101001445,116.1356964,39.7390785,2,256,1
199874,4,1,20121101001449,116.3671875,39.9228935,0,0,1
194241,4,0,20121101001449,116.4722519,39.9276237,23,0,1
077432,4,1,20121101001449,116.4869232,39.9913635,102,220,1
194456,4,0,20121101001449,116.4156189,39.8566971,0,0,1
492250,4,0,20121101001449,116.3285217,39.9126892,21,236,1
093413,4,0,20121101001449,116.3210907,40.0343437,47,84,1
194154,4,1,20121101001449,116.2767715,39.9727058,71,236,1
093447,4,1,20121101001449,116.3338318,40.0395393,73,330,1
022214,4,0,20121101001446,116.4113998,40.0315437,0,0,1
063438,4,1,20121101001449,116.4136963,40.1469879,23,264,1
194903,4,0,20121101001449,116.6084213,39.6507111,0,140,1
431497,4,2,20121101001446,116.0992203,39.9438629,0,202,1
565342,4,0,20121101081220,116.3021317,40.0784645,0,310,1
208404,4,2,20121101001445,116.3617172,39.8852882,0,264,1
204948,4,1,20121101001449,116.4001007,39.9864044,39,318,1
199430,4,0,20121101001449,116.0907135,39.8801994,54,84,1
492190,4,2,20121101001447,116.4555359,39.9209862,69,358,1
214811,4,0,20121101001449,116.3400650,40.0643806,0,0,1
174770,4,0,20121101001449,116.1871643,39.7850914,73,236,1
194805,0,0,20121101001449,116.3563995,39.9750252,0,0,1
577438,4,2,20121101001446,116.2143478,39.8737183,0,160,1
183479,4,0,20121101001449,116.3207016,39.7148819,0,156,1
162471,4,1,20121101001449,116.5129089,39.9155426,0,134,1
194254,4,1,20121101001449,116.6084671,40.0529633,19,248,1
093464,4,0,20121101001449,116.9020996,40.4488602,0,126,1
214401,4,2,20121101001446,116.2236633,39.8456421,0,0,1
162407,4,0,20121101001449,116.9188614,39.8191795,0,0,1
183471,4,0,20121101001449,116.3595276,39.9765434,10,176,1
194611,4,0,20121101001449,116.4091873,39.8958092,23,80,1
204897,4,2,20121101001446,116.3211975,39.8957024,76,270,1
194459,4,0,20121101001449,116.4642944,39.9152184,4,286,1
164956,4,2,20121101001446,116.1396866,39.7480583,0,152,1
194627,4,0,20121101001449,116.2273636,39.9180679,0,0,1
155445,4,0,20121101001448,116.4911804,39.9640884,0,0,1
194302,4,0,20121101001449,116.5845566,40.0515060,39,32,1
194460,4,0,20121101001449,116.1359787,39.7522240,47,178,1
194315,4,0,20121101001449,116.2330780,39.8559341,32,142,1
156432,4,0,20121101001449,116.3335648,39.8760185,51,88,1
492335,4,0,20121101001444,116.4373322,39.9288483,12,344,1
194702,4,1,20121101001449,116.4459534,39.9576683,73,130,1
164442,4,0,20121101001449,116.4143219,39.9004250,52,228,1
183484,4,0,20121101001449,116.3794098,39.8776360,0,0,1
066854,4,0,20121101001447,116.5574799,40.0975571,0,284,1
486558,4,1,20121101001449,116.4556732,39.9488716,62,0,1
453430,4,0,20121101001449,116.5336838,39.9086571,41,268,1
194683,4,0,20121101001438,116.2037735,39.8247528,28,174,1
300774,4,0,20121101001449,116.4015503,40.0006866,38,180,1
187122,4,0,20121101001449,116.2927246,39.9222565,0,0,1
174763,4,1,20121101001449,116.4460144,39.9581642,56,312,1
093432,4,1,20121101001449,116.4038849,39.8915520,63,266,1
184781,4,0,20121101001444,116.3993683,39.9711647,0,222,1
155974,4,0,20121101001449,116.0856552,39.6644859,49,46,1
083427,4,0,20121101001449,116.5922241,40.1424370,58,42,1
214256,4,0,20121101001435,116.0681992,39.9318466,0,252,1
194410,4,0,20121101001449,116.2072678,39.8419189,60,244,1
194151,4,0,20121101001449,116.4588089,39.8908539,0,274,1
495057,4,2,20121101001446,116.5686493,39.9025307,0,306,1
063402,4,0,20121101001449,116.3586273,39.9666901,0,100,1
022974,4,1,20121101001449,116.3488998,39.8032990,0,0,1
214041,4,2,20121101001447,116.1925659,39.7472343,0,100,1
164387,4,0,20121101001449,116.2586365,39.9285469,0,0,1
174988,4,1,20121101001449,116.3602371,39.8048248,56,172,1
254529,4,0,20121101001447,116.2623367,39.8647194,0,74,1
431290,4,2,20121101001447,116.2095184,39.8993225,0,328,1
174753,4,0,20121101001449,116.6687622,39.9225082,88,84,1
194008,4,0,20121101001449,116.3677597,39.9980698,0,0,1
487279,4,2,20121101001446,116.3757172,39.8005409,0,80,1
194203,4,0,20121101001449,116.0899963,39.9856567,71,352,1
214817,4,1,20121101001449,116.2540588,39.9195671,23,0,1
164396,4,0,20121101001449,116.4402695,39.9553528,0,0,1
194155,4,0,20121101001449,116.4341431,39.6827888,0,292,1
579045,4,2,20121101001447,116.3543015,39.8464470,0,194,1
426188,4,0,20121101001446,116.2686157,39.6072350,0,118,1
180417,4,0,20121101001437,116.1671829,40.0408478,0,0,1
194712,4,0,20121101001449,116.2452850,40.0790367,15,72,1
129374,4,0,20121101001446,116.0134506,39.6868210,0,306,1
194699,4,0,20121101001449,116.3975220,39.7856064,0,146,1
164561,4,0,20121101001449,116.3996201,40.0038757,28,78,1
125407,4,2,20121101001447,116.4060669,40.1924744,0,278,1
180476,4,0,20121101001449,116.4072876,40.0516510,0,134,1
492273,4,0,20121101001449,116.1938858,39.8058205,0,0,1
492330,4,0,20121101001447,116.3967667,39.8640518,0,220,1
431269,4,0,20121101001446,116.6480026,40.1370735,0,134,1
495290,4,0,20121101001449,116.5087585,40.2096519,6,108,1
194226,4,0,20121101001449,116.4041061,40.0320015,21,186,1
063498,4,1,20121101001449,116.4552078,39.8928413,19,172,1
184978,4,1,20121101001449,116.4637070,39.9701843,65,40,1
021754,4,1,20121101001445,116.4410858,39.8921432,43,104,1
180149,4,0,20121101001449,116.4132462,40.0206490,56,88,1
127402,4,0,20121101001446,116.4070358,40.0614433,47,176,1
083436,4,2,20121101001446,116.3021011,40.0390244,0,176,1
093437,4,0,20121101001449,116.0491333,39.9739914,0,0,1
489556,4,1,20121101001445,116.4007339,39.9120216,52,172,1
164822,4,1,20121101001449,116.2727661,39.8990250,43,90,1
277565,4,0,20121101001446,116.5149002,39.7885818,0,320,1
194253,4,1,20121101001449,116.3944244,40.0006447,58,356,1
194788,4,0,20121101001449,116.4440765,39.9396973,19,116,1
480695,4,1,20121101001449,116.2795029,39.9062271,0,0,1
431008,4,0,20121101001449,115.9826736,39.6928329,0,0,1
453448,4,1,20121101001446,116.2682190,39.9334259,51,172,1
426134,4,0,20121101001450,116.4024200,39.9395523,0,74,1
184975,4,0,20121101001449,116.3502808,39.9467506,58,358,1
194731,4,0,20121101001449,116.3371887,39.7582703,104,172,1
180430,4,1,20121101001449,116.2927628,40.0937080,26,330,1
083477,4,1,20121101081220,116.4779129,39.9841461,36,218,1
194039,4,0,20121101001449,116.1174774,39.7468758,0,0,1
431165,4,0,20121101001446,116.0819855,39.9394379,0,270,1
183448,4,1,20121101001349,116.3245850,39.9659462,52,86,1
154759,4,0,20121101001446,116.2289658,39.8617325,0,30,1
194445,4,1,20121101001449,116.2681122,39.9374084,62,178,1
403580,4,0,20121101001446,116.3877182,39.8405533,0,258,1
083468,4,0,20121101001445,116.3805008,39.8462791,17,2,1
194286,4,0,20121101001449,116.0586395,39.9315300,0,0,1
214720,4,2,20121101001446,116.8147507,39.7882652,0,340,1
068347,4,1,20121101001446,116.5556030,40.0548477,26,106,1
211141,4,2,20121101001446,116.1974335,39.8328743,0,198,1
277577,4,0,20121101001447,116.4172821,39.8495789,0,214,1
495016,4,2,20121101001445,116.4290466,39.8798866,45,86,1
164826,4,0,20121101001449,116.5200500,40.0175209,117,64,1
486540,4,0,20121101001449,116.1248932,39.8630371,0,0,1
488249,4,1,20121101001449,116.4546432,39.9758568,88,310,1
174802,4,0,20121101001449,116.4100723,39.8958893,36,92,1
214585,4,0,20121101001449,116.3104019,39.8833122,0,0,1
300624,4,0,20121101001449,115.9766006,39.6800461,2,176,1
489465,4,0,20121101001447,116.2358475,39.8365135,0,158,1
020064,4,0,20121101001449,116.4407272,39.9070511,47,90,1
453272,4,1,20121101001446,116.4971008,39.8748169,38,302,1
095340,4,0,20121101001447,116.8502655,40.2487144,0,58,1
174703,4,0,20121101001449,116.3006592,40.0480194,38,156,1
194937,4,2,20121101001445,116.4317017,39.9830208,0,56,1
489530,4,2,20121101001450,116.1931152,39.9310226,0,354,1
155064,4,0,20121101001447,116.4836349,39.9278984,75,180,1
431098,4,2,20121101001447,116.1228485,39.9369965,0,110,1
194045,4,0,20121101001449,116.1975021,40.1397209,0,0,1
488208,4,1,20121101001449,116.4052353,39.8915062,51,278,1
486583,4,0,20121101001447,116.1876144,39.9071198,0,210,1
194779,4,1,20121101001449,116.5225754,39.9085503,32,262,1
093444,4,0,20121101001449,116.5823135,40.0593109,28,72,1
183460,4,0,20121101001449,116.3930511,39.8987236,0,130,1
194337,4,0,20121101001449,116.1497192,39.6395073,0,0,1
162477,4,0,20121101001449,116.2956924,40.0512924,0,106,1
183454,4,1,20121101001449,116.4416885,39.9323769,41,88,1
104093,4,0,20121101001446,116.3763657,39.9673767,0,302,1
489522,4,0,20121101001450,116.3804016,39.6109581,0,20,1
194857,4,0,20121101001449,116.3906631,39.6212082,0,112,1
184005,4,0,20121101001446,116.3704834,39.8513527,0,108,1
431379,4,2,20121101001446,116.4613190,39.9665451,0,358,1
199354,4,0,20121101001449,116.1843948,39.9062042,30,268,1
194282,4,1,20121101001449,116.4835434,39.9234390,49,178,1
254362,4,0,20121101081220,116.1889648,39.9261703,0,194,1
487257,4,0,20121101001450,116.3328629,39.7346191,0,242,1
063243,4,1,20121101001449,116.1886444,39.9061699,51,270,1
431155,4,1,20121101001447,116.5485840,39.9086304,39,266,1
138477,4,0,20121101001446,116.2768860,39.9556999,71,86,1
164577,4,0,20121101001449,116.5099411,39.6774750,0,0,1
194967,4,1,20121101001449,116.2583923,39.8711510,0,172,1
194279,4,0,20121101001448,116.1914825,39.9278374,49,358,1
164911,4,0,20121101001447,116.3536835,39.9187584,38,358,1
164373,4,0,20121101001449,116.2577744,39.8459663,0,156,1
093484,4,1,20121101001449,116.4560547,39.9064369,0,52,1
194046,4,1,20121101001449,116.4074860,40.0423279,49,336,1
453260,4,0,20121101001449,116.3962173,39.7490273,52,158,1
431442,4,2,20121101001446,116.2173462,39.9333687,0,76,1
199941,4,0,20121101001425,116.3945618,39.8359566,0,132,1
426479,4,0,20121101001447,116.1901474,39.6745071,0,280,1
194979,4,0,20121101001449,116.2073441,39.8747482,0,158,1
480682,4,2,20121101001447,116.3571701,39.7980461,0,194,1
174976,4,0,20121101001448,116.4177704,40.0557175,19,216,1
164341,4,0,20121101001449,116.0098724,39.6972122,0,124,1
583496,4,0,20121101001445,116.5049515,40.0105171,0,70,1
194688,4,0,20121101001449,116.2014847,39.7730484,0,0,1
194609,4,1,20121101001449,116.4362793,39.9323959,43,266,1
194190,4,1,20121101001449,116.4376755,39.8963966,60,156,1
153635,4,0,20121101001449,116.2443848,39.8477020,0,0,1
162409,4,0,20121101001449,116.2634659,39.9071999,0,174,1
100194,4,1,20121101001449,116.4710693,39.9780388,28,40,1
096764,4,0,20121101001449,116.0576630,39.7973099,0,0,1
194849,4,0,20121101001449,116.3954163,39.9921455,0,0,1
020314,4,1,20121101001449,116.4696121,39.9325027,45,270,1
431245,4,2,20121101001447,116.3553162,40.0513420,0,192,1
214653,4,0,20121101001449,116.2904663,39.9309883,36,90,1
164323,4,1,20121101001449,116.5205002,39.9078636,49,78,1
164773,4,0,20121101001449,116.3757935,39.9754295,19,268,1
492333,4,0,20121101001449,116.2212524,39.9535179,58,88,1
127492,4,2,20121101001446,116.2138519,40.2123108,0,124,1
194095,4,0,20121101001449,116.0099564,39.7202454,0,0,1
232412,4,2,20121101001445,116.7000656,39.9131660,0,254,1
157481,4,2,20121101001447,116.1287689,39.7355804,0,10,1
426002,4,0,20121101001447,116.5030975,39.9542961,6,130,1
204953,4,2,20121101001447,116.2736359,39.8873444,0,306,1
174835,4,0,20121101001449,116.0515366,39.7905693,0,166,1
164840,4,1,20121101001449,116.4717560,39.9785652,0,74,1
194049,4,0,20121101001449,116.2348480,39.8456039,0,0,1
194153,4,0,20121101001447,116.4234695,39.9049263,34,164,1
164519,4,1,20121101001445,116.3128204,39.9377213,65,278,1
164403,4,2,20121101001447,116.4124298,39.8895302,0,84,1
063411,4,0,20121101001449,116.4459381,39.8570137,0,0,1
093442,4,1,20121101001449,116.2631073,39.8644638,45,272,1
214262,4,1,20121101001449,116.4727173,39.9859009,38,312,1
495136,4,0,20121101001446,116.4112701,39.9738579,0,142,1
194305,4,0,20121101001449,116.3503189,39.9108734,6,176,1
194634,4,2,20121101001447,116.5481033,39.9213943,0,302,1
077403,4,1,20121101001449,116.4554672,39.9178619,36,116,1
194399,4,0,20121101001449,116.3930283,39.9619713,34,86,1
188543,4,0,20121101001449,116.4246597,39.9828224,0,0,1
164769,4,1,20121101001449,116.4077454,39.9395447,0,0,1
488133,4,0,20121101001449,116.3744736,39.9764633,0,134,1
022084,4,2,20121101001446,115.8670349,39.5954971,0,0,1
480733,4,2,20121101001448,116.2127304,39.9934578,0,34,1
453468,4,1,20121101001449,116.3215637,39.9374199,60,274,1
194316,4,0,20121101001449,116.4148712,39.8792191,0,16,1
126414,4,0,20121101001447,116.5819016,40.3228722,0,284,1
037184,4,0,20121101001449,116.2397537,39.8598061,67,240,1
157479,4,0,20121101001446,116.0884171,39.9459648,0,190,1
486456,4,0,20121101081221,116.3246155,40.0737991,0,222,1
153608,4,0,20121101001448,116.3387909,39.8154221,71,356,1
063394,4,0,20121101001447,116.4049530,39.8672752,0,210,1
194715,4,1,20121101001449,116.4348068,39.9228058,0,0,1
486307,4,0,20121101001450,116.3330536,39.9952507,0,18,1
174912,4,1,20121101001445,116.4327316,39.8982735,60,286,1
180104,4,0,20121101001449,116.3403015,39.8965073,54,88,1
573384,4,2,20121101001447,116.0594330,39.7748108,0,22,1
486592,4,0,20121101001447,116.1975861,39.9137459,0,280,1
093496,4,0,20121101001449,116.5768967,39.9131508,0,90,1
453480,4,0,20121101001449,116.3467255,39.9912186,0,0,1
214532,4,2,20121101001446,116.5369797,40.0709953,0,68,1
487212,4,0,20121101081221,116.4027328,39.8614502,0,204,1
470398,4,2,20121101001447,116.0161514,40.0019417,0,226,1
194638,4,0,20121101001447,116.1821060,39.9022903,0,98,1
194353,0,0,20121101001450,116.4046402,40.0567169,0,126,1
486305,4,2,20121101001446,116.1870193,39.9214554,0,314,1
426313,4,0,20121101001447,116.5487518,39.9209557,0,246,1
155304,4,0,20121101001447,116.3389130,39.8285027,47,158,1
488105,4,0,20121101081221,116.4492569,39.9325523,0,0,1
022024,4,1,20121101001450,116.4269485,39.9231682,41,262,1
488188,4,0,20121101001446,116.3148193,39.8879509,30,242,1
194281,4,0,20121101001446,116.3508987,39.9393044,25,292,1
426420,4,0,20121101001449,116.3246841,39.8887138,56,270,1
164125,4,0,20121101001447,116.5802536,39.7226753,0,226,1
209479,4,2,20121101001445,116.4216309,39.9253578,0,62,1
194235,4,0,20121101001449,116.3293076,40.0261345,0,0,1
492228,4,2,20121101001447,116.2439346,39.8370018,0,358,1
453229,4,2,20121101001447,116.0760651,39.6152306,0,328,1
232433,4,2,20121101001446,116.3848038,39.8865356,0,348,1
489621,4,1,20121101001450,116.5845642,40.0781212,54,172,1
480679,4,0,20121101001449,116.1011353,39.8034477,0,0,1
453461,4,0,20121101001447,116.3580856,39.9999542,15,88,1
403760,4,0,20121101001447,116.4041519,39.9770546,0,210,1
184025,4,2,20121101001447,116.7457657,40.0454750,0,104,1
492233,4,0,20121101081221,116.4578629,39.8823776,0,196,1
153612,4,1,20121101001449,116.4719467,39.9216614,25,338,1
470492,4,1,20121101001449,116.2906036,39.8651199,65,264,1
194564,4,0,20121101001447,116.4081497,39.6643906,51,172,1
495174,4,2,20121101001451,116.3908463,39.8388824,0,76,1
489386,4,0,20121101001447,116.4554825,39.8984833,71,0,1
214159,4,1,20121101001449,116.5374146,40.1216507,97,262,1
157542,4,0,20121101081221,116.4189529,39.8825912,25,116,1
300504,4,1,20121101001449,116.4749832,39.9226494,32,92,1
159463,4,0,20121101001447,116.4118805,39.9069099,0,176,1
490933,4,2,20121101001446,116.1756363,39.8921165,0,114,1
492158,4,2,20121101001447,116.2182465,40.0282440,0,100,1
189846,4,0,20121101001447,116.3388977,39.7210236,0,192,1
093485,4,1,20121101001449,116.2950516,39.9728699,32,158,1
157430,4,0,20121101001447,116.3421326,39.8719788,0,196,1
127499,4,0,20121101001444,116.4200516,39.8482399,0,182,1
495198,4,2,20121101001447,116.3887863,39.8550072,0,294,1
174735,4,1,20121101001447,116.4681015,39.9667549,73,130,1
188294,4,0,20121101001449,116.6102219,40.0527573,0,194,1
487268,1,1,20121101001450,116.3784180,39.8819466,10,268,1
184799,4,0,20121101001446,116.3440857,39.9660683,0,78,1
100324,2,2,20121101001450,116.2726440,39.8720551,0,172,1
154731,4,1,20121101001446,116.5507202,40.0732689,58,6,1
174739,4,0,20121101001447,116.0846863,39.8735771,62,262,1
153654,4,0,20121101001450,115.8636398,39.5680580,0,0,1
470473,4,0,20121101001446,116.4437866,39.9589500,0,14,1
431467,4,0,20121101001447,116.1075516,39.9347496,0,94,1
453336,4,0,20121101001450,116.4283447,39.9480705,67,78,1
156164,4,0,20121101001448,117.1885147,40.1751442,0,22,1
403755,4,2,20121101001448,116.0958176,39.8847771,0,222,1
194314,4,1,20121101001450,116.4351883,39.9477043,0,0,1
492240,4,2,20121101001451,116.4248199,39.9541702,0,348,1
403096,4,2,20121101001447,116.4183502,39.6303482,0,346,1
156428,4,2,20121101001446,116.2166977,39.9319992,0,346,1
453431,4,0,20121101001450,116.3761902,40.0213814,80,88,1
490938,4,2,20121101001451,117.0136185,40.0548096,0,306,1
486501,4,1,20121101001450,116.2130356,39.9921875,17,280,1
189101,4,0,20121101001450,116.3513184,39.9950142,23,182,1
483289,4,1,20121101001450,116.2888260,39.8783302,32,194,1
180448,4,0,20121101001450,116.3910217,39.7052803,0,0,1
426107,4,0,20121101001447,116.2381973,40.2210197,0,68,1
020484,4,1,20121101001447,116.4270630,39.9468002,60,158,1
214146,4,1,20121101001450,116.4042511,40.0311394,0,116,1
154822,4,0,20121101001450,116.4983139,39.8978157,0,0,1
431039,4,0,20121101001448,116.4316025,39.9640884,0,252,1
487275,4,0,20121101001451,116.3188019,39.9268188,0,88,1
453434,4,0,20121101001450,116.4554672,39.8865585,32,358,1
214661,4,2,20121101001447,116.5045471,39.8602867,0,66,1
154916,4,0,20121101081221,116.4835358,39.9146118,23,244,1
162478,4,0,20121101001450,116.2470703,39.9031715,49,0,1
093412,4,1,20121101001450,116.3508682,39.9665985,43,270,1
489490,4,0,20121101001450,116.4154663,39.8624802,41,178,1
204961,4,2,20121101001446,116.2471848,39.8937035,0,190,1
100094,4,0,20121101001450,116.0951996,39.9647179,0,0,1
489425,4,0,20121101001451,116.2467499,39.9099617,0,176,1
153622,4,1,20121101001450,116.3883896,39.9654350,62,176,1
453274,4,1,20121101001450,116.3505554,39.9122086,65,358,1
453201,4,1,20121101001450,116.2899780,39.9174919,54,24,1
102584,4,0,20121101001450,116.3581314,39.8677902,21,358,1
403732,4,0,20121101001447,116.3363190,39.7812881,0,20,1
194391,4,0,20121101001450,116.3065720,39.8874550,0,0,1
194121,4,0,20121101001450,115.9781570,39.6901016,0,0,1
194748,4,0,20121101001450,116.4214325,39.9034615,0,0,1
157548,4,2,20121101001447,116.2218170,39.9890556,0,86,1
164854,4,1,20121101001450,116.4273758,39.8474998,23,178,1
162424,4,0,20121101001450,116.0677414,39.7148285,65,258,1
194801,4,0,20121101001450,116.4285736,39.9508743,28,162,1
183401,4,0,20121101001450,116.4104843,40.0274544,2,346,1
021564,4,0,20121101001450,116.3814545,39.9814796,2,16,1
194848,4,2,20121101001447,116.4920502,40.0099792,0,128,1
426142,4,0,20121101001446,116.4075851,39.9086037,4,342,1
174594,4,1,20121101001450,116.3091125,39.9983215,17,0,1
183429,4,0,20121101001450,116.4428406,39.9632530,0,134,1
495131,4,1,20121101001451,116.4444504,39.8668671,36,290,1
487201,4,1,20121101001449,116.3040085,39.8964424,38,176,1
194061,4,0,20121101001450,116.2891922,39.8774071,30,72,1
194736,4,0,20121101001450,116.4327850,39.9457207,0,0,1
194020,4,0,20121101001450,116.3505020,39.8885193,39,358,1
164342,4,1,20121101001450,116.4562225,39.9864502,17,246,1
104078,4,2,20121101001447,116.1822815,39.8547783,0,28,1
403712,4,0,20121101001221,116.4523315,39.9434547,19,104,1
199741,4,2,20121101001451,116.4449310,39.7638969,0,332,1
194702,4,1,20121101001450,116.4461212,39.9575462,73,130,1
232461,4,2,20121101001447,116.2708359,39.9364243,0,228,1
495100,4,2,20121101001447,116.3152466,39.5636749,0,268,1
162488,4,0,20121101001450,116.3340988,39.8876801,0,0,1
093491,4,0,20121101001450,116.4656754,39.9372635,0,0,1
174857,4,0,20121101001450,116.3592682,39.9752579,8,90,1
102354,4,2,20121101001447,116.3655472,39.6881142,0,300,1
194017,4,0,20121101001450,116.4002380,39.9616928,0,0,1
489405,4,0,20121101001447,116.4096985,39.9965858,0,86,1
164452,4,0,20121101001448,116.3847198,39.8623314,21,258,1
486290,4,2,20121101001444,116.5444641,39.6870155,0,340,1
174650,4,1,20121101001450,116.4644089,39.9695625,36,286,1
154722,4,1,20121101001450,116.4717865,39.9065475,0,0,1
154761,4,2,20121101001221,116.1006012,39.9441032,0,264,1
492331,4,0,20121101001450,116.2887726,39.8628349,0,0,1
164821,4,0,20121101001450,116.5113754,39.9097519,17,238,1
426358,4,0,20121101001450,116.2697525,39.9581451,17,344,1
403718,4,0,20121101001446,116.4089813,39.9142189,0,296,1
077452,4,0,20121101001450,116.3156967,39.9224815,0,84,1
155144,4,2,20121101001448,116.7516022,39.9181900,0,62,1
577042,4,0,20121101001448,116.1147308,39.8377228,0,84,1
495080,4,0,20121101001450,116.1599350,39.7760849,89,224,1
487220,4,2,20121101001354,116.4974670,39.9949799,0,198,1
174719,4,0,20121101001450,116.3105469,39.9776993,39,182,1
431464,4,1,20121101001445,116.4500809,40.0148582,95,290,1
199643,4,0,20121101001450,116.7000885,40.0405464,52,82,1
174964,4,1,20121101001450,116.3387222,40.0331116,86,328,1
125450,4,2,20121101001447,116.2515488,39.8329468,0,320,1
209564,4,0,20121101001447,116.8488693,40.3710594,0,314,1
174663,4,1,20121101001450,116.2543335,39.9455566,60,270,1
194426,4,1,20121101001450,116.4109802,39.9141541,0,0,1
194722,4,0,20121101001450,116.3431015,40.0138321,34,88,1
570483,4,0,20121101001446,116.4103470,39.8669472,0,16,1
214454,4,0,20121101001448,116.4167328,39.9560318,0,190,1
214038,4,0,20121101001447,116.2858963,39.8401566,0,68,1
453497,4,1,20121101001446,116.4100189,40.0080032,0,162,1
